,TEAM,GP,W,L,WIN%,MIN,PTS,FGM,FGA,FG%,3PM,3PA,3P%,FTM,FTA,FT%,OREB,DREB,REB,AST,TOV,STL,BLK,BLKA,PF,PFD,+/-,players,avg_height,avg_weight,avg_age,avg_exp,avg_salary,Unnamed: 0_y,MIN_y,OFFRTG,DEFRTG,NETRTG,AST%,AST/TO,AST RATIO,OREB%,DREB%,REB%,TOV%,EFG%,TS%,PACE,PIE
0,Boston Celtics,8,5,3,0.625,48.6,118.9,42.1,89.1,47.3,13.9,37.1,37.4,20.8,25.9,80.2,10.6,36.3,46.9,24.5,15.3,8.3,6.0,5.0,23.1,21.1,7.4,15,197.1,100.9,25.3,2.7,7.8,5,389,116.7,108.4,8.3,58.2,1.61,17.5,28.0,72.4,51.0,15.0,55.0,59.1,101.06,52.8
1,Brooklyn Nets,8,5,3,0.625,48.0,119.9,43.8,91.9,47.6,14.6,40.4,36.2,17.8,23.4,75.9,9.0,34.3,43.3,27.8,13.3,6.4,3.9,4.6,23.5,23.3,0.0,15,201.7,99.7,26.8,5.3,8.0,5,384,116.2,116.0,0.3,63.4,2.09,19.4,24.6,72.9,48.5,12.8,55.6,58.7,103.25,49.8
2,Dallas Mavericks,8,3,5,0.375,49.9,122.5,42.1,93.1,45.2,13.8,39.5,34.8,24.5,29.9,82.0,9.9,36.4,46.3,26.1,12.0,5.1,3.6,5.3,23.3,26.0,-4.3,15,200.9,100.3,27.6,4.7,7.9,12,399,117.4,120.6,-3.2,62.0,2.18,18.0,27.0,76.0,50.7,11.5,52.6,57.6,100.81,48.2
3,Denver Nuggets,8,3,5,0.375,49.9,118.5,43.8,88.8,49.3,11.8,32.1,36.6,19.3,24.5,78.6,10.9,32.1,43.0,28.5,14.4,7.1,4.4,4.0,22.8,24.4,-4.8,15,200.9,101.7,26.1,4.1,8.5,12,399,116.9,121.7,-4.8,65.1,1.98,19.9,29.2,70.6,49.8,14.2,55.9,59.5,97.5,49.6
4,Houston Rockets,8,4,4,0.5,48.6,115.3,38.0,88.6,42.9,17.5,53.6,32.6,21.8,26.5,82.1,5.1,34.0,39.1,22.8,14.8,10.8,5.3,4.9,23.0,23.3,-3.4,16,196.7,98.0,30.1,8.3,8.0,9,389,106.0,109.1,-3.1,59.9,1.54,16.3,15.3,70.5,42.7,13.6,52.8,57.5,107.35,47.0
5,Indiana Pacers,8,6,2,0.75,48.0,110.3,41.9,89.1,47.0,11.9,32.4,36.7,14.6,18.6,78.5,7.9,34.8,42.6,25.3,14.3,9.1,5.3,5.5,21.4,20.3,2.1,15,199.4,97.0,25.7,3.5,7.5,3,384,107.6,105.7,1.8,60.3,1.77,18.3,21.8,68.9,46.4,13.9,53.6,56.6,102.38,52.3
6,LA Clippers,8,5,3,0.625,48.6,117.6,41.0,85.8,47.8,14.6,35.9,40.8,21.0,26.9,78.1,8.3,37.0,45.3,22.8,13.1,6.9,2.5,3.0,22.9,23.4,5.9,15,199.1,98.5,28.3,6.1,8.8,5,389,115.9,109.8,6.1,55.5,1.73,16.9,23.0,76.4,51.1,12.9,56.3,60.3,100.32,53.4
7,Los Angeles Lakers,8,3,5,0.375,48.0,106.4,37.8,86.3,43.8,9.9,32.6,30.3,21.0,29.0,72.4,11.1,31.4,42.5,21.6,15.8,8.9,4.8,3.5,21.5,24.3,-7.0,16,198.6,100.8,29.6,8.5,7.2,12,384,104.5,111.2,-6.6,57.3,1.37,15.7,27.7,76.1,49.9,15.5,49.5,53.7,101.88,45.6
8,Memphis Grizzlies,8,2,6,0.25,48.6,112.6,40.9,90.1,45.4,11.0,34.8,31.7,19.9,25.6,77.6,9.4,35.8,45.1,26.0,15.1,7.0,4.4,4.9,24.0,23.9,-1.0,15,200.3,99.9,24.5,2.9,6.5,20,389,107.1,108.1,-1.0,63.6,1.72,18.1,24.9,75.4,50.1,14.4,51.5,55.5,103.77,50.1
9,Miami Heat,8,3,5,0.375,48.0,111.1,38.0,84.3,45.1,13.9,39.9,34.8,21.3,25.9,82.1,8.5,34.5,43.0,25.4,15.0,8.4,5.1,3.4,22.3,23.0,0.6,15,200.5,101.3,27.6,5.5,8.6,12,384,110.0,110.1,-0.1,66.8,1.69,18.5,23.7,73.1,48.2,14.9,53.3,58.1,100.69,51.4
10,Milwaukee Bucks,8,3,5,0.375,48.6,118.9,41.3,88.8,46.5,14.3,41.3,34.5,22.1,29.8,74.4,9.3,42.3,51.5,25.5,16.6,5.8,4.9,3.6,23.0,25.0,0.3,15,200.5,103.3,29.7,7.7,8.2,12,389,109.4,110.2,-0.8,61.8,1.53,17.5,24.1,76.7,51.9,15.3,54.5,58.4,106.74,51.5
11,New Orleans Pelicans,8,2,6,0.25,48.0,113.1,42.0,87.0,48.3,10.8,30.9,34.8,18.4,25.3,72.8,9.8,32.6,42.4,25.5,17.9,6.6,3.8,4.9,22.4,25.1,-5.0,15,198.7,100.1,25.6,3.9,7.8,20,384,110.0,113.9,-3.9,60.7,1.43,18.0,28.2,71.3,50.0,17.4,54.5,57.7,103.31,48.5
12,Oklahoma City Thunder,8,4,4,0.5,49.3,107.6,37.6,88.6,42.5,13.0,36.6,35.5,19.4,24.8,78.3,9.5,35.3,44.8,20.3,15.6,7.9,4.0,3.5,23.1,22.4,-1.8,16,198.1,97.0,25.3,3.7,8.3,9,394,103.9,105.4,-1.6,53.8,1.3,14.8,25.6,73.2,49.1,15.1,49.8,54.1,101.06,47.2
13,Orlando Magic,8,3,5,0.375,48.6,114.6,40.1,86.9,46.2,12.1,34.3,35.4,22.3,27.8,80.2,9.6,34.8,44.4,23.5,14.6,7.0,3.0,3.3,23.9,21.5,-1.4,15,200.4,98.0,26.3,4.6,8.4,12,389,111.7,113.0,-1.3,58.6,1.61,17.0,25.8,75.7,50.8,14.3,53.2,57.8,101.31,47.9
14,Philadelphia 76ers,8,4,4,0.5,48.0,120.1,43.6,89.5,48.7,13.3,31.9,41.6,19.6,25.4,77.3,11.4,33.9,45.3,25.3,14.3,6.9,5.0,5.4,23.4,21.6,3.8,16,200.1,100.8,26.5,4.1,8.0,9,384,118.6,114.8,3.8,57.9,1.77,17.8,30.6,74.7,52.5,14.1,56.1,59.7,101.31,51.0
15,Phoenix Suns,8,8,0,1.0,48.0,122.3,44.5,90.0,49.4,13.0,32.4,40.2,20.3,22.5,90.0,9.4,37.8,47.1,27.6,12.1,6.5,3.6,4.3,21.3,21.0,13.1,15,199.1,95.7,24.4,2.7,6.5,1,384,120.3,107.4,12.9,62.1,2.28,19.6,25.7,78.1,53.1,11.9,56.7,61.2,101.63,57.0
16,Portland Trail Blazers,8,6,2,0.75,48.6,126.0,44.9,93.9,47.8,15.4,37.1,41.4,20.9,24.8,84.3,11.0,33.0,44.0,24.0,11.0,8.0,5.0,4.1,24.3,23.3,2.6,15,200.7,100.9,26.0,4.8,8.8,3,389,122.5,120.4,2.1,53.5,2.18,17.0,29.4,73.4,50.7,10.7,56.0,60.1,101.37,51.0
17,Sacramento Kings,8,3,5,0.375,48.6,119.0,45.0,92.8,48.5,13.3,36.5,36.3,15.8,20.3,77.8,9.9,33.5,43.4,27.0,15.1,8.5,2.8,3.3,24.4,20.8,-3.0,15,200.9,97.9,26.7,4.3,7.5,12,389,113.1,116.2,-3.1,60.0,1.79,18.6,27.5,74.2,50.4,14.4,55.7,58.5,103.77,48.3
18,San Antonio Spurs,8,5,3,0.625,48.0,121.1,43.3,89.0,48.6,11.1,26.5,42.0,23.5,28.8,81.7,10.6,35.8,46.4,25.6,15.3,8.0,5.6,4.1,20.6,23.1,4.0,15,200.5,99.9,26.6,5.4,7.4,5,384,114.7,111.2,3.5,59.2,1.68,17.8,27.8,75.1,52.1,14.4,54.8,59.6,105.5,52.9
19,Toronto Raptors,8,7,1,0.875,48.0,110.9,37.6,83.3,45.2,14.4,36.8,39.1,21.3,27.8,76.6,8.4,38.5,46.9,24.0,17.9,8.9,5.3,7.0,22.9,23.6,4.5,15,199.2,97.9,26.5,4.1,8.3,2,384,106.9,102.7,4.2,63.8,1.34,17.3,22.8,76.9,51.0,17.2,53.8,58.1,103.69,52.5
20,Utah Jazz,8,3,5,0.375,49.3,113.4,39.6,89.6,44.2,15.0,42.1,35.6,19.1,23.0,83.2,11.3,32.1,43.4,24.5,16.9,7.6,4.5,4.6,23.4,22.9,-3.1,15,197.3,98.2,26.5,3.7,7.9,12,394,109.4,113.1,-3.7,61.8,1.45,17.2,28.9,74.3,50.6,16.3,52.6,56.8,100.69,47.2
21,Washington Wizards,8,1,7,0.125,48.0,104.9,38.5,90.4,42.6,9.5,28.5,33.3,18.4,23.3,79.0,11.0,33.9,44.9,22.5,15.0,6.9,4.5,5.0,23.6,20.8,-9.6,16,199.1,97.1,25.4,3.6,7.6,22,384,102.6,112.0,-9.4,58.4,1.5,16.1,27.7,74.7,49.8,14.7,47.9,52.1,102.25,43.6
