,RANK,TEAM,GP,W,L,WIN%,MPG,PTS,FGM,FGA,FG%,3PM,3PA,3P%,FTM,FTA,FT%,OREB,DREB,REB,AST,TOV,STL,BLK,BLKA,PF,PFD,+/-,players,avg_height,avg_weight,avg_age,avg_exp,avg_salary,Unnamed: 0_y,TMIN,OFFRTG,DEFRTG,NETRTG,AST%,AST/TO,AST RATIO,OREB%,DREB%,REB%,TOV%,EFG%,TS%,PACE,PIE
0,1,Milwaukee Bucks,65,53,12,0.815,48.2,118.6,43.5,91.2,47.7,13.7,38.6,35.6,17.8,24.0,74.2,9.5,42.2,51.7,25.9,14.9,7.4,6.0,4.6,19.2,21.3,11.3,15,200.5,103.3,29.7,7.7,8.2,1,3130,112.3,101.6,10.7,59.5,1.74,18.1,24.1,77.6,52.4,14.1,55.3,58.3,105.36,56.8
1,2,Los Angeles Lakers,63,49,14,0.778,48.2,114.3,42.9,88.6,48.5,11.2,31.4,35.5,17.3,23.7,73.0,10.6,35.5,46.1,25.9,15.1,8.6,6.8,3.7,20.6,21.4,7.4,16,198.6,100.8,29.6,8.5,7.2,2,3034,112.6,105.5,7.1,60.3,1.71,18.3,28.4,73.4,51.4,14.9,54.8,57.7,101.11,54.9
2,3,Toronto Raptors,64,46,18,0.719,48.3,113.0,40.6,88.5,45.8,13.8,37.0,37.1,18.1,22.6,80.0,9.7,35.5,45.2,25.4,14.4,8.8,4.9,5.3,21.5,20.0,6.5,15,199.2,97.9,26.5,4.1,8.3,3,3092,111.3,104.9,6.4,62.6,1.76,18.2,25.9,71.5,49.4,14.2,53.6,57.4,100.87,53.1
3,4,LA Clippers,64,44,20,0.688,48.2,116.2,41.6,89.7,46.4,12.2,33.2,36.6,20.8,26.2,79.2,11.0,37.0,48.0,23.8,14.8,7.1,5.0,4.9,22.0,22.8,6.5,15,199.1,98.5,28.3,6.1,8.8,4,3087,112.9,106.6,6.4,57.3,1.61,16.9,28.4,73.4,51.5,14.4,53.2,57.4,102.39,53.1
4,5,Boston Celtics,64,43,21,0.672,48.4,113.0,41.2,89.6,45.9,12.4,34.2,36.3,18.3,22.8,80.1,10.7,35.3,46.0,22.8,13.6,8.3,5.6,5.6,21.4,20.6,6.2,15,197.1,100.9,25.3,2.7,7.8,5,3097,112.3,106.2,6.1,55.4,1.67,16.6,28.4,73.2,50.9,13.6,52.9,56.7,99.78,53.1
5,5,Denver Nuggets,65,43,22,0.662,48.5,110.4,41.8,88.9,47.1,10.9,30.4,35.8,15.9,20.5,77.5,10.8,33.5,44.3,26.5,13.7,8.1,4.6,4.5,20.0,20.0,3.0,15,200.9,101.7,26.1,4.1,8.5,5,3150,112.0,108.9,3.1,63.4,1.94,19.0,29.4,72.8,51.0,13.9,53.2,56.4,97.66,52.0
6,7,Miami Heat,65,41,24,0.631,48.7,112.2,39.6,84.4,47.0,13.4,34.8,38.3,19.5,25.1,77.8,8.5,36.0,44.5,26.0,14.9,7.4,4.5,4.2,20.4,21.5,3.2,15,200.5,101.3,27.6,5.5,8.6,7,3165,112.2,109.2,3.0,65.6,1.74,18.8,25.9,75.6,51.6,14.9,54.9,58.7,98.46,52.6
7,7,Utah Jazz,64,41,23,0.641,48.1,111.0,40.1,84.6,47.5,13.2,34.4,38.3,17.6,22.8,77.2,8.8,36.3,45.1,22.2,14.9,5.9,4.0,4.6,20.0,20.6,3.2,15,197.3,98.2,26.5,3.7,7.9,7,3077,112.1,108.8,3.3,55.2,1.49,16.7,25.8,74.7,51.2,15.0,55.2,58.7,98.95,51.8
8,9,Dallas Mavericks,67,40,27,0.597,48.3,116.4,41.6,90.0,46.2,15.3,41.5,36.9,17.9,23.1,77.3,10.6,36.4,47.0,24.5,12.8,6.3,5.0,4.0,19.0,20.8,6.0,15,200.9,100.3,27.6,4.7,7.9,9,3236,115.8,110.0,5.8,58.8,1.91,17.6,27.5,73.8,51.0,12.7,54.8,58.1,99.78,52.6
9,9,Houston Rockets,64,40,24,0.625,48.2,118.1,41.1,90.7,45.4,15.4,44.3,34.8,20.5,26.0,78.7,10.4,34.6,44.9,21.5,14.7,8.5,5.1,4.9,21.6,20.8,3.8,16,196.7,98.0,30.1,8.3,8.0,9,3087,113.4,109.9,3.4,52.2,1.46,15.5,26.1,71.4,48.7,14.1,53.9,57.8,103.62,49.7
10,9,Oklahoma City Thunder,64,40,24,0.625,48.3,110.8,40.3,85.1,47.3,10.4,29.3,35.5,19.8,24.8,79.7,8.1,34.6,42.7,21.9,13.5,7.6,5.0,4.1,18.8,22.8,2.5,16,198.1,97.0,25.3,3.7,8.3,9,3092,111.0,108.4,2.5,54.3,1.63,16.5,23.9,72.8,49.2,13.5,53.4,57.7,99.21,52.5
11,12,Indiana Pacers,65,39,26,0.6,48.3,109.3,42.2,88.4,47.7,10.0,27.5,36.3,15.1,19.1,78.7,8.8,34.0,42.8,25.9,13.1,7.2,5.1,4.5,19.6,18.6,1.9,15,199.4,97.0,25.7,3.5,7.5,12,3140,109.7,107.7,2.0,61.5,1.98,18.9,24.6,72.1,49.0,13.2,53.3,56.5,99.05,51.9
12,12,Philadelphia 76ers,65,39,26,0.6,48.2,109.6,40.8,87.7,46.5,11.4,31.6,36.2,16.6,22.1,75.2,10.4,35.1,45.5,25.9,14.2,8.2,5.4,3.9,20.6,20.3,2.2,16,200.1,100.8,26.5,4.1,8.0,12,3135,109.7,107.6,2.1,63.4,1.82,18.6,27.8,75.4,51.5,14.2,53.0,56.2,99.38,52.5
13,15,Brooklyn Nets,64,30,34,0.469,48.6,110.8,40.0,90.0,44.4,12.9,37.9,34.0,18.0,24.1,74.4,10.8,37.6,48.5,24.0,15.5,6.5,4.6,5.3,20.7,20.9,-0.6,15,201.7,99.7,26.8,5.3,8.0,15,3112,107.8,108.3,-0.6,60.2,1.55,17.0,28.4,73.7,51.4,15.1,51.5,55.0,101.51,50.0
14,15,Orlando Magic,65,30,35,0.462,48.1,106.4,39.2,88.8,44.2,10.9,32.0,34.1,17.0,22.1,77.0,10.4,34.2,44.5,24.0,12.6,8.4,5.7,4.8,17.6,19.2,-1.0,15,200.4,98.0,26.3,4.6,8.4,15,3125,107.5,108.7,-1.2,61.1,1.9,17.6,26.8,74.8,49.9,12.7,50.3,54.0,98.7,49.8
15,17,Portland Trail Blazers,66,29,37,0.439,48.2,113.6,41.9,90.9,46.1,12.6,33.8,37.2,17.3,21.7,79.8,10.1,35.4,45.5,20.2,13.0,6.1,6.2,5.0,21.4,19.7,-1.6,15,200.7,100.9,26.0,4.8,8.8,17,3178,112.0,113.6,-1.5,48.2,1.55,15.0,26.3,71.0,49.1,12.8,53.0,56.6,101.15,48.3
16,18,New Orleans Pelicans,64,28,36,0.438,48.5,116.2,42.6,92.2,46.2,14.0,37.6,37.2,16.9,23.2,72.9,11.2,35.8,47.0,27.0,16.2,7.6,5.1,4.8,21.0,20.6,-0.8,15,198.7,100.1,25.6,3.9,7.8,18,3102,110.6,111.6,-1.0,63.3,1.66,18.4,28.8,73.1,50.9,15.4,53.8,56.7,103.96,49.7
