,Final Rank,TEAM,GP,W,L,MIN,OFFRTG,DEFRTG,NETRTG,AST%,AST/TO,AST RATIO,OREB%,DREB%,REB%,TOV%,EFG%,TS%,PACE,PIE,WIN%,MIN_y,PTS,FGM,FGA,FG%,3PM,3PA,3P%,FTM,FTA,FT%,OREB,DREB,REB,AST,TOV,STL,BLK,BLKA,PF,PFD,+/-,players,avg_height,avg_weight,avg_age,avg_exp,avg_salary,conf,seed
0,1,Boston Celtics,17,10,7,831,111.6,106.3,5.3,58.7,1.62,17.0,26.1,74.7,51.4,14.2,52.7,57.2,96.32,53.1,0.588,48.9,109.4,38.6,84.9,45.4,12.4,36.4,34.1,19.8,24.2,81.6,8.8,36.5,45.2,22.6,13.9,6.7,4.8,4.8,22.3,22.0,5.0,15,197.1,100.9,25.3,2.7,7.8,W,1
1,2,Brooklyn Nets,4,0,4,192,102.4,122.9,-20.4,71.0,1.78,17.9,26.4,76.4,48.8,14.0,48.2,51.8,103.0,38.8,0.0,48.0,105.8,36.3,91.3,39.7,15.5,46.0,33.7,17.8,24.5,72.4,9.3,35.0,44.3,25.8,14.5,5.0,4.5,5.5,21.3,22.5,-20.5,15,201.7,99.7,26.8,5.3,8.0,E,5
2,3,Dallas Mavericks,6,2,4,293,112.1,121.4,-9.3,51.0,1.7,15.8,21.6,77.9,49.2,12.1,54.9,58.0,102.55,46.3,0.333,48.8,117.0,42.2,89.2,47.3,13.5,37.5,36.0,19.2,26.5,72.3,7.7,35.5,43.2,21.5,12.7,6.5,3.7,3.3,22.5,24.5,-9.7,15,200.9,100.3,27.6,4.7,7.9,E,3
3,4,Denver Nuggets,19,9,10,917,112.6,115.0,-2.4,58.0,1.62,17.3,27.9,72.2,50.2,14.6,54.5,58.4,94.87,49.1,0.474,48.3,107.4,38.8,82.5,47.1,12.3,32.4,37.9,17.5,21.4,81.6,9.3,31.4,40.6,22.5,13.9,6.2,4.0,4.0,22.4,22.1,-2.3,15,200.9,101.7,26.1,4.1,8.5,W,3
4,5,Houston Rockets,12,5,7,581,107.7,106.8,0.8,57.0,1.59,16.3,18.9,73.3,45.2,13.4,53.5,56.9,99.18,48.0,0.417,48.4,107.7,37.4,85.8,43.6,16.9,46.8,36.2,15.9,20.2,78.9,6.7,32.2,38.8,21.3,13.4,9.1,3.5,4.9,22.2,18.6,0.8,16,196.7,98.0,30.1,8.3,8.0,W,2
5,6,Indiana Pacers,4,0,4,192,103.9,112.7,-8.8,61.6,1.48,17.6,18.5,71.0,44.7,15.7,53.0,56.5,97.88,43.4,0.0,48.0,100.8,36.5,80.3,45.5,12.0,32.0,37.5,15.8,20.3,77.8,5.8,30.8,36.5,22.5,15.3,9.3,5.5,4.3,23.3,15.8,-10.5,15,199.4,97.0,25.7,3.5,7.5,E,2
6,7,LA Clippers,13,7,6,629,114.4,110.1,4.2,51.7,1.63,16.0,25.3,76.2,50.5,13.0,54.4,58.5,98.9,51.3,0.538,48.4,114.0,40.9,86.4,47.4,12.1,32.8,36.8,20.1,25.2,79.8,9.5,34.5,44.0,21.2,13.0,7.5,3.7,4.1,22.9,22.3,4.2,15,199.1,98.5,28.3,6.1,8.8,W,4
7,8,Los Angeles Lakers,18,14,4,864,116.1,108.8,7.2,62.9,1.68,18.9,30.3,76.0,53.4,15.8,56.4,59.8,98.28,55.1,0.778,48.0,114.1,41.4,84.1,49.3,11.9,33.7,35.5,19.2,25.6,75.2,10.4,33.8,44.3,26.1,15.5,8.3,5.5,3.1,23.3,22.9,7.1,16,198.6,100.8,29.6,8.5,7.2,E,1
8,9,Miami Heat,18,13,5,874,113.5,110.5,3.0,66.1,1.94,18.8,24.4,73.9,49.9,13.2,54.1,59.1,97.15,52.8,0.722,48.6,111.7,38.2,82.6,46.2,12.9,36.3,35.7,22.4,26.9,83.1,7.7,34.2,41.8,25.2,13.0,7.0,3.9,4.5,19.9,23.2,3.2,15,200.5,101.3,27.6,5.5,8.6,W,5
9,10,Milwaukee Bucks,10,5,5,485,109.1,107.3,1.8,60.6,1.63,17.7,23.0,79.1,50.6,14.6,53.7,56.8,101.05,50.2,0.5,48.5,111.1,40.1,87.1,46.0,13.3,37.1,35.8,17.6,24.3,72.4,9.4,37.3,46.7,24.3,14.9,7.2,4.2,3.6,21.7,21.2,1.2,15,200.5,103.3,29.7,7.7,8.2,W,6
10,11,Oklahoma City Thunder,7,3,4,341,101.7,108.3,-6.6,48.6,1.05,13.5,25.3,81.6,53.8,16.6,50.0,54.2,100.65,48.2,0.429,48.7,104.0,36.7,85.4,43.0,12.0,36.6,32.8,18.6,24.0,77.4,9.0,40.9,49.9,17.9,17.0,5.3,4.0,3.9,17.1,23.0,-6.4,16,198.1,97.0,25.3,3.7,8.3,W,7
11,12,Orlando Magic,5,1,4,240,101.9,111.5,-9.6,64.0,1.63,17.3,17.2,78.0,46.4,13.9,50.5,54.7,104.6,44.6,0.2,48.0,107.0,37.2,88.6,42.0,15.0,39.8,37.7,17.6,21.0,83.8,6.6,36.4,43.0,23.8,14.6,6.8,3.2,3.8,21.0,20.6,-9.2,15,200.4,98.0,26.3,4.6,8.4,E,8
12,13,Philadelphia 76ers,4,0,4,192,105.0,117.2,-12.3,52.6,1.46,13.5,31.6,72.5,51.3,12.5,44.3,51.2,95.75,44.6,0.0,48.0,100.5,33.3,84.0,39.6,8.0,30.3,26.4,26.0,32.0,81.3,12.3,33.8,46.0,17.5,12.0,5.0,4.5,5.5,22.3,24.3,-11.8,16,200.1,100.8,26.5,4.1,8.0,W,8
13,14,Portland Trail Blazers,5,1,4,240,104.1,114.5,-10.4,47.3,1.11,13.2,27.7,70.4,48.4,15.6,49.2,53.7,102.4,41.5,0.2,48.0,106.6,37.6,88.2,42.6,11.6,30.6,37.9,19.8,25.0,79.2,9.8,33.0,42.8,17.8,16.0,7.4,3.6,5.8,25.0,22.8,-10.6,15,200.7,100.9,26.0,4.8,8.8,E,7
14,15,Toronto Raptors,11,7,4,538,108.7,104.9,3.8,63.5,1.9,18.2,22.6,75.9,49.2,13.0,52.5,55.9,98.63,51.5,0.636,48.9,109.4,39.1,88.5,44.2,14.6,40.3,36.3,16.5,21.3,77.8,8.2,36.5,44.6,24.8,13.1,7.1,5.5,5.0,22.5,20.3,4.1,15,199.2,97.9,26.5,4.1,8.3,E,4
15,16,Utah Jazz,7,3,4,341,120.3,116.8,3.5,53.8,1.79,16.8,26.0,71.2,49.1,12.7,58.3,61.6,92.83,51.7,0.429,48.7,113.4,39.9,81.9,48.7,15.7,37.3,42.1,18.0,23.3,77.3,9.3,31.9,41.1,21.4,12.0,6.1,3.1,4.6,19.0,21.3,3.4,15,197.3,98.2,26.5,3.7,7.9,E,6
