,Final Rank,TEAM,Seed,Conference,GP,W,L,WIN%,MPG,PTS,FGM,FGA,FG%,3PM,3PA,3P%,FTM,FTA,FT%,OREB,DREB,REB,AST,TOV,STL,BLK,BLKA,PF,PFD,+/-,Tot Mins,OFFRTG,DEFRTG,NETRTG,AST%,AST/TO,AST RATIO,OREB%,DREB%,REB%,TOV%,EFG%,TS%,PACE,PIE
0,1,Toronto Raptors,2,East,24,16,8,0.667,48.4,106.6,37.7,84.8,44.4,11.9,34.5,34.6,19.3,23.3,83.0,8.3,34.0,42.3,22.5,12.1,8.0,4.6,5.0,22.6,21.8,5.5,1162,109.8,104.2,5.6,59.8,1.87,17.2,23.9,71.9,48.3,12.4,51.5,56.1,96.25,52.4
1,2,Golden State Warriors,1,West,22,14,8,0.636,48.5,114.1,41.1,86.1,47.7,12.2,32.7,37.2,19.8,24.3,81.3,10.1,33.2,43.3,28.4,14.9,7.4,5.7,3.9,23.2,22.3,3.4,1066,114.6,111.5,3.1,69.1,1.91,20.0,30.1,71.4,51.3,15.0,54.8,58.9,98.57,53.6
2,3,Milwaukee Bucks,1,East,15,10,5,0.667,48.7,112.8,39.8,88.3,45.1,12.8,38.1,33.6,20.4,28.0,72.9,10.1,41.8,51.9,25.0,13.0,6.7,6.4,4.7,21.8,23.3,8.8,730,110.7,101.9,8.8,62.8,1.92,17.8,25.9,77.6,52.6,12.8,52.3,56.0,100.57,55.5
3,4,Portland Trail Blazers,3,West,16,8,8,0.5,49.6,109.7,39.4,90.4,43.6,11.8,32.8,36.0,19.0,24.8,76.6,11.4,33.8,45.2,19.8,12.9,6.9,5.1,5.9,22.8,22.8,-1.4,793,109.5,110.6,-1.1,50.1,1.53,14.6,29.8,69.1,49.1,12.9,50.1,54.1,97.15,47.1
4,5,Denver Nuggets,2,West,14,7,7,0.5,49.4,109.1,39.9,90.2,44.3,9.6,27.8,34.4,19.7,25.2,78.2,13.1,34.6,47.7,24.0,9.8,5.7,4.6,4.7,21.3,21.9,1.9,692,113.3,111.1,2.2,60.1,2.45,17.6,31.1,70.3,50.5,10.2,49.6,53.9,93.68,51.8
5,6,Philadelphia 76ers,3,East,12,7,5,0.583,48.0,108.7,39.4,85.8,45.9,9.4,28.4,33.1,20.4,25.8,79.0,11.4,37.1,48.5,24.4,16.5,6.3,5.4,3.4,22.4,22.1,3.0,576,109.1,106.0,3.1,61.9,1.48,17.5,31.9,75.2,54.1,16.6,51.4,55.9,99.63,53.8
6,7,Houston Rockets,4,West,11,6,5,0.545,48.5,108.5,37.2,83.8,44.4,15.6,42.7,36.6,18.5,24.3,76.4,9.6,33.3,42.9,18.3,15.8,8.5,5.1,4.6,21.6,21.5,3.2,533,110.5,107.4,3.0,49.1,1.16,14.1,28.7,68.7,49.1,16.1,53.7,57.4,97.26,49.7
7,8,Boston Celtics,4,East,9,5,4,0.556,48.0,102.1,35.7,84.1,42.4,11.3,33.0,34.3,19.4,24.2,80.3,7.4,40.3,47.8,21.4,14.8,5.9,3.8,4.3,20.8,21.0,-1.4,432,101.4,103.0,-1.5,60.1,1.45,16.1,22.9,78.3,51.4,14.7,49.1,53.9,100.61,50.2
8,9,San Antonio Spurs,7,West,7,3,4,0.429,48.0,103.3,39.4,85.1,46.3,6.7,19.9,33.8,17.7,23.0,77.0,10.7,34.4,45.1,21.1,8.4,4.6,4.0,3.6,19.4,20.0,-1.9,336,110.7,113.1,-2.3,53.6,2.51,16.6,26.4,72.6,49.9,9.0,50.3,54.2,93.14,49.3
9,10,LA Clippers,8,West,6,2,4,0.333,48.0,114.7,39.8,89.2,44.7,11.5,31.7,36.3,23.5,28.8,81.5,10.0,30.2,40.2,25.3,15.0,8.0,3.3,7.5,25.0,25.8,-9.8,288,111.5,120.5,-9.0,63.6,1.69,17.7,29.3,71.4,49.0,14.6,51.1,56.3,103.08,43.1
10,11,Brooklyn Nets,6,East,5,1,4,0.2,48.0,111.4,38.4,91.4,42.0,11.0,34.0,32.4,23.6,29.2,80.8,11.2,29.2,40.4,19.2,14.2,7.6,2.8,6.0,22.8,24.2,-11.0,240,105.7,115.9,-10.2,50.0,1.35,13.8,25.8,64.3,44.1,13.5,48.0,53.4,105.5,41.3
11,12,Oklahoma City Thunder,6,West,5,1,4,0.2,48.0,105.2,37.8,86.0,44.0,10.4,31.4,33.1,19.2,25.4,75.6,10.2,33.0,43.2,22.6,15.2,6.6,5.4,5.8,24.2,23.4,-5.8,240,104.4,109.9,-5.5,59.8,1.49,16.6,26.4,70.1,48.2,15.1,50.0,54.1,100.9,48.2
12,13,Orlando Magic,7,East,5,1,4,0.2,48.0,92.0,32.2,83.0,38.8,10.4,34.8,29.9,17.2,22.2,77.5,9.6,33.8,43.4,19.0,15.6,6.6,4.0,4.2,18.8,23.0,-14.4,240,95.8,111.5,-15.7,59.0,1.22,14.7,26.0,79.6,50.5,16.3,45.1,49.6,95.7,39.9
13,14,Utah Jazz,5,West,5,1,4,0.2,48.0,97.8,34.6,86.4,40.0,9.4,35.8,26.3,19.2,25.6,75.0,11.8,35.4,47.2,23.0,15.2,9.2,5.4,7.0,21.8,21.4,-9.2,240,99.2,108.5,-9.3,66.5,1.51,16.7,30.5,74.2,51.6,15.4,45.5,50.1,98.6,47.3
14,15,Detroit Pistons,8,East,4,0,4,0.0,48.0,98.0,37.5,96.8,38.8,11.0,33.3,33.1,12.0,16.5,72.7,10.8,31.5,42.3,23.0,10.5,7.3,4.0,8.8,24.3,20.0,-23.8,192,96.8,120.5,-23.8,61.3,2.19,16.5,24.8,72.7,45.2,10.4,44.4,47.1,101.13,35.4
15,16,Indiana Pacers,5,East,4,0,4,0.0,48.0,91.8,33.5,83.5,40.1,10.0,29.8,33.6,14.8,20.5,72.0,8.0,32.3,40.3,20.8,12.0,8.3,3.5,3.0,20.0,19.5,-7.5,192,95.8,103.9,-8.1,61.9,1.73,16.4,19.6,73.7,45.1,12.5,46.1,49.6,95.63,45.4
